5.771626204846713563e-03 6.460628198336926253e-02 -2.497615250860710234e-02
5.760996884594968238e-04 6.885363051285245395e-02 -3.458150968948403570e-02
-4.293584908198631173e-02 6.330478970108206760e-02 2.861711308243458651e-02
4.745038348981924642e-02 4.904206534905623804e-02 -1.257547261612543266e-02
-4.210186026210126220e-02 6.789239263177040962e-02 1.175163704249899445e-02
5.961963774737091132e-02 4.605179976154474830e-02 -1.438374286782074379e-02
9.091667080625243785e-03 6.002048918269963645e-02 -1.229997037439524606e-02
1.039489479072662481e-02 4.602065384765104128e-02 3.529274761049657622e-02
-2.589080533495661390e-02 5.702972054986117645e-02 3.337374752589782750e-02
1.745597660010621624e-02 4.054263693137876573e-02 4.731859342052476686e-02
-3.199613189603591618e-02 5.672245019068278271e-02 4.059498404212753819e-02
1.793444783272725440e-02 4.521278372262260009e-02 3.052276491167725536e-02
4.441497618430214137e-03 4.856337837559048659e-02 3.240523116420839650e-02
4.524332558017321593e-02 4.142469367198632624e-02 1.625640004295946656e-02
-3.517468142735423464e-02 6.022652263544846923e-02 3.155505219327461863e-02
5.916679768605248579e-02 4.742125312728200787e-02 -1.871160068321089942e-02
3.618107065724338045e-03 5.538314335357531065e-02 9.411165306168109077e-03
4.482771374253934765e-02 4.911854125903511448e-02 -1.020168085383109553e-02
-6.399273995181481087e-03 5.563592716993011333e-02 1.861529818399248679e-02
3.903841788788922629e-02 3.190297205059576535e-02 5.576635945218900992e-02
4.304305950839132366e-02 4.046666145401791453e-02 2.181864820046830120e-02
3.153982103658610481e-02 4.408060028155857263e-02 2.077761154032515753e-02
2.486799801630106693e-02 3.161805921572419242e-02 7.103077788238497392e-02
-3.942291897351358348e-02 6.232891195353184449e-02 2.848870047243889925e-02
5.623933078958746890e-02 4.051093919866451815e-02 8.375765470758073442e-03
4.738908431885370531e-02 4.806646692314364006e-02 -9.105730175175390934e-03
-2.419371302786894884e-02 6.693739940496876151e-02 -2.945238602757314743e-03
2.828696871362985227e-02 3.658116339012184443e-02 5.025058808489914902e-02
1.990616888475180146e-02 3.829333697903878481e-02 5.270871394017294376e-02
-2.171475430595026443e-02 6.202352371185006208e-02 1.172396338938654602e-02
-5.257562619535378207e-02 6.211114537736990571e-02 4.249375673916403612e-02
5.428263138313110803e-02 4.049490585491119510e-02 1.040210571758196090e-02
1.309914270557879616e-02 6.028462063690544215e-02 -1.725804502080799732e-02
1.733187467029586107e-02 3.756952643657300583e-02 5.782939953115714959e-02
1.036734395271823525e-02 6.503238512486524125e-02 -3.109237629628480368e-02
5.236131837712000017e-04 3.842595627172439021e-02 7.176303384332517743e-02
-2.235037794210669446e-04 7.271360937188847684e-02 -4.726023425999643229e-02
2.275404788835243622e-02 5.759351508581828094e-02 -1.757949177097552218e-02
-2.283895686873402275e-02 6.225676962087700606e-02 1.204121028168573561e-02
5.943322684236971437e-02 4.572803063051519151e-02 -1.306502440546477781e-02
-6.684757966111960770e-03 5.039634090242157971e-02 3.720599343264384407e-02
1.229712165589439722e-03 5.859807355335567430e-02 5.856220719588895287e-04
5.442705553591514062e-02 4.145159685496949825e-02 6.914707667380877096e-03
-1.650954909437906196e-02 7.004513676266127531e-02 -2.153906362431787583e-02
-5.033324693667803884e-02 6.336689073363138691e-02 3.584911343746760570e-02
9.106329696806110671e-04 6.933339197007898358e-02 -3.659430380349555645e-02
1.224415700234108770e-02 3.961456636394158903e-02 5.580871272746305845e-02
4.644941914651340431e-02 4.317045686286596906e-02 8.943503878389377076e-03
2.376604664624901858e-02 3.027752252173462194e-02 7.682324592841049959e-02
1.177764635017643051e-02 4.511329014954258004e-02 3.707001722431270407e-02
-2.445299046889450392e-02 5.651214035274400999e-02 3.373395619775040183e-02
-1.391728486694912949e-03 6.316563500604038817e-02 -1.273034061870591087e-02
-1.059050964484676768e-02 6.642183211564936518e-02 -1.484220583242541400e-02
2.361874779594584292e-02 3.038423500909327030e-02 7.659879684185832982e-02
7.766277670580563897e-02 3.920085884691498768e-02 -8.620489156248530016e-03
6.304657293621551695e-02 3.250251063524559059e-02 2.949659807612513632e-02
7.726128783481501540e-03 6.644771788988514116e-02 -3.337688122177809996e-02
4.176668755547435080e-02 3.883651780089046601e-02 2.879842359854548062e-02
-3.582734247366292993e-03 6.381457463483973525e-02 -1.279098322202626772e-02
6.262647836910464894e-02 3.362579291640206691e-02 2.599570553741798948e-02
-2.508669937648932632e-02 6.554165069753581374e-02 2.829678332907973291e-03
6.026429929526956088e-03 5.444525252543829658e-02 1.026235761697429603e-02
3.642145794155360328e-02 2.859032219983094827e-02 6.997348951375828574e-02
-2.002179326316421218e-02 6.847992492581971014e-02 -1.253466231031908143e-02
-2.298741682966433386e-02 6.243542728851981388e-02 1.156660737794908134e-02
1.212223251535962144e-02 5.053653934695347127e-02 1.777822617112747444e-02
1.181322325472471124e-02 4.131902264909498995e-02 5.028854462610601178e-02
1.704123240649720733e-02 5.383044076607305245e-02 1.318511037001492657e-03
3.880409393571587068e-02 2.903499647166857961e-02 6.602089219842900703e-02
5.137463927381755169e-02 3.005159550697803980e-02 4.981152649481075667e-02
-1.195246465469540498e-02 6.167708650570386669e-02 3.103854508797677676e-03
5.270081778294755104e-02 4.822212642984120140e-02 -1.499822896453201909e-02
-1.382586424518359586e-02 5.754062947523794908e-02 1.944001420015207052e-02
1.385918392727725559e-02 3.965406086099057537e-02 5.404446953872526355e-02
4.985115830317817659e-02 4.364504936753392517e-02 3.860191267695761187e-03
-3.017645368970455974e-02 5.811870934131911637e-02 3.388513591390013985e-02
3.983057567763916007e-02 3.171537783749596440e-02 5.562399756136421347e-02
7.190092132549232018e-02 3.791839110430678117e-02 1.661498485661094641e-03
5.584211365669059651e-02 4.865664927830242598e-02 -1.967931018022986075e-02
3.497144347893191979e-02 4.541700288575301753e-02 1.265368313475626234e-02
4.693691812641635069e-02 4.392534484428026881e-02 5.815590655120928681e-03
1.649100099589452875e-02 4.697488493208661076e-02 2.582079549268413710e-02
-4.562389921586530207e-03 4.260823998096416321e-02 6.227467835632626708e-02
3.202545281369119368e-02 4.786849928187458109e-02 7.056491025414922576e-03
-1.482194357115102466e-02 4.709006228196734728e-02 5.694955200044175825e-02
2.741664731219422418e-02 5.187421151852807111e-02 -2.295577118764930650e-03
-2.699898993201826393e-03 6.647716892834876212e-02 -2.298109577394583103e-02
8.632243954641268327e-03 5.471187455642812641e-02 6.707009666030020086e-03
4.488617766325342373e-02 3.875610685922598053e-02 2.593809622564703307e-02
1.461711290886637260e-02 6.239786223462404080e-02 -2.616868723579348840e-02
-4.008898669685340838e-02 5.646825108065536836e-02 4.963220430674537831e-02
6.089113273297045575e-02 4.357157899929222505e-02 -7.000047335681180462e-03
-3.131950431445353067e-02 6.051899961159766528e-02 2.665131891871277275e-02
7.442040065391235422e-03 4.645456594312308979e-02 3.675040821698686427e-02
-2.323590790955986848e-02 4.891836281918084811e-02 5.903541212574055924e-02
-3.102964933280019395e-03 4.365403154383077494e-02 5.715186673155270292e-02
-1.351003481045514546e-03 7.185175831870031782e-02 -4.311421193740955921e-02
1.345882234778699067e-02 5.356705328064453875e-02 5.845959827937632046e-03
5.161482553519485678e-02 3.307533118858633353e-02 3.900698050064547312e-02
6.103289992502204664e-02 3.429698428205481264e-02 2.525574232564099797e-02
1.490715804715615203e-03 5.474013996172772539e-02 -5.132517404308712533e-02
4.942884542123774511e-02 -2.828677527469011539e-03 -3.496871452789233198e-02
7.557234878952322210e-02 2.188169090136661554e-02 -1.462029643338505491e-02
3.949491204449573876e-03 1.284030369768534826e-03 -6.077329868660420048e-02
1.354171621541467620e-02 4.300591215174842663e-02 -4.665571687800727091e-02
5.962660746012836410e-02 2.790576458092308698e-02 -2.273443968236764021e-02
-2.086458500378183742e-02 -2.781446348073590008e-02 -8.123674329555914675e-02
2.765015082118615214e-02 7.189329711874071355e-03 -4.568633931543641946e-02
-6.291328019570075272e-03 -1.825280314326755554e-02 -7.075195030291188403e-02
4.477852812074080424e-02 1.977599106379236693e-02 -3.308856486418696591e-02
-1.942953159414018485e-02 2.415899306434133274e-03 -7.423843529557808130e-02
-7.232626210372351296e-03 -1.946224127152888349e-03 -6.798187770314899347e-02
1.521776104215868605e-02 4.762412030075040270e-02 -4.473318629406854152e-02
-1.155744439114125052e-03 1.533592981991570986e-02 -6.090176307372308084e-02
5.414956265031905386e-02 -5.099735892107812307e-02 -4.201476993462453097e-02
5.051082410223442162e-03 4.292948847338774743e-02 -5.164518991646265683e-02
-3.822492068550440748e-03 4.743122922968042582e-02 -5.592646514874006353e-02
-1.179705042146225909e-02 5.434754588247913548e-02 -5.918926069519449273e-02
-6.245789061122743006e-03 3.407260292439499155e-02 -6.006708446160622522e-02
9.513684144311963103e-03 -2.378654348528071172e-02 -6.262037149281302062e-02
3.045325798051567653e-02 -3.761000960123202924e-02 -5.316944869498153869e-02
2.475372304569101872e-02 4.212575771985227480e-02 -4.026687960347253431e-02
2.409949765033322228e-02 3.090406664913206841e-02 -4.293588397566620168e-02
-5.525851577247413091e-03 3.335559841347367910e-02 -5.979138421394707137e-02
5.531536556299104790e-02 -2.110099917047013676e-02 -3.524222507290410145e-02
2.661047445133843739e-02 3.248569123369159789e-02 -4.114276435153875477e-02
2.393035080627892858e-02 9.611984635050365225e-03 -4.737196708254835104e-02
2.817661576482334215e-02 8.633000842312520129e-03 -4.508386827827225857e-02
3.382246032537016001e-02 -3.639056138123855644e-02 -5.094734303741766529e-02
-1.775483683569584886e-02 3.462442553758603853e-02 -6.669680964951273106e-02
4.799866039420083025e-02 -2.490831648843483057e-02 -4.030394548722619069e-02
5.405895474348342694e-02 -3.360252349476872819e-02 -3.852468614831964372e-02
3.604851817181260049e-02 -3.045618459791525276e-02 -4.843451774388721903e-02
-1.468379726408466056e-02 4.142392525093764599e-02 -6.351276747795377153e-02
5.273523141624933408e-02 -3.284930583346790285e-03 -3.312473182256377852e-02
5.647297362067851129e-02 1.121739733886617171e-02 -2.798113494560283687e-02
1.347334620073045892e-02 5.107517458147623618e-02 -4.505213660584649754e-02
9.181974254755247145e-03 3.353469037978894750e-03 -5.728652780032444242e-02
5.988954535348859493e-02 -3.782577436799673676e-02 -3.596929844264819959e-02
1.040935801557111955e-02 4.756306318736805427e-02 -4.756243819639366377e-02
3.495208906495343021e-02 2.466828859021193490e-02 -3.784848589261305407e-02
3.612571674904669489e-02 5.594788528145926837e-02 -3.078960495693523411e-02
4.554155759771900264e-02 4.511787038117000270e-02 -2.747967353157005840e-02
6.960081942152302262e-03 6.671305413730975464e-02 -4.568239047862006352e-02
6.423905574620137650e-03 4.079175254917338789e-02 -5.127641159308565788e-02
7.187338048264856061e-02 2.020104657084698455e-02 -1.712952387335411539e-02
1.718830816803497419e-03 5.830725129302532367e-02 -5.046495504656298148e-02
1.294486034112878915e-02 8.293781718437509207e-03 -5.407589311824687744e-02
7.383795470275658634e-02 1.686910513335436457e-02 -1.665733963094796419e-02
7.597928160015279819e-02 3.344632104514417420e-02 -1.202630533081091441e-02
3.820265009070902135e-02 -2.300815402616666200e-02 -4.565551053500055412e-02
3.147228854697838724e-02 1.109375568288788194e-02 -4.265199466575974457e-02
3.045100607345672949e-02 4.403943350388100225e-02 -3.653955122180315568e-02
-9.714587267724998155e-05 -3.797686458796653650e-03 -6.417896048927455854e-02
6.809557239973254572e-02 -4.283971929395332529e-03 -2.432997111051625125e-02
4.894329959259605123e-02 -2.974637722365743378e-02 -4.073603255651783717e-02
1.637523246469596572e-02 6.088464122140758300e-02 -4.135408459743505211e-02
2.264716167902368002e-02 2.307147681614669585e-02 -4.538210250522882461e-02
9.386482844698932140e-03 6.238711948372412802e-03 -5.657902783045001827e-02
2.630117621883765536e-02 -3.129124140331108334e-02 -5.431471054515712993e-02
5.612856077563333629e-02 -2.533804049254750890e-02 -3.562889151796613113e-02
2.683452041986776615e-02 2.661593223328213506e-02 -4.220712997106956799e-02
3.767487594679874013e-02 3.923067841174014692e-02 -3.328722691910256798e-02
2.706435932389459828e-02 3.006526473131444777e-02 -4.136989153032395727e-02
1.232971349665085495e-02 -3.225075577062276426e-03 -5.678253478712836505e-02
-2.052133499961123278e-02 -1.831186675100838004e-02 -7.910007491504907062e-02
1.658844925988007049e-02 4.233409624310739000e-02 -4.500774982176464906e-02
3.633764718285639565e-03 1.655789630872013876e-02 -5.784711318472504638e-02
3.771423357105867236e-02 -5.348896352068811810e-02 -5.215028189601703806e-02
3.248193061404844231e-03 6.266613344103139083e-02 -4.868117497076798750e-02
6.793081709475769225e-02 -1.088245184493018096e-02 -2.577053430813852977e-02
6.141366307818264467e-03 -9.976608120670547863e-03 -6.178295943994887435e-02
6.211977674505362451e-02 -3.390723617616509672e-02 -3.386463543041639407e-02
4.329132408896240597e-02 -2.219206426597561399e-02 -4.250827984383903635e-02
-2.495459677277513111e-02 6.402415792056260699e-03 -7.666306340589448820e-02
5.057743469117061130e-03 -3.791425149827398061e-02 -6.810839037846967703e-02
6.602044680824588167e-03 5.475786789865912801e-02 -4.832729060292432349e-02
3.896910411259766477e-02 1.726925639335839813e-02 -3.700238712689526283e-02
5.422402469171290484e-02 -3.623632800018802835e-02 -3.896446734661913880e-02
6.342645832316476384e-02 -8.733158293332545299e-03 -2.797144630334248011e-02
6.296378821225491473e-02 3.566143651472240828e-02 -1.919972588612615938e-02
5.217033157311714263e-03 -2.768974597378748986e-02 -6.593244199532714844e-02
-2.674195687047398531e-02 1.064022204291883295e-03 -7.879749863346866001e-02
8.076426991265127364e-02 3.013647828417364075e-02 -9.897390337223364518e-03
5.088732218630138276e-02 2.281941387337622050e-03 -3.307333829722202551e-02
3.524866394124972352e-02 5.275439950464539535e-02 -3.195387484088491048e-02
4.272440517673944949e-02 -1.011470493523405553e-02 -4.038034367543738568e-02
2.892015784865101941e-02 3.161441794363368391e-02 -3.996719662536252909e-02
6.979289647269135491e-03 6.426709504440870913e-02 -4.616935704843194016e-02
6.109232153482617445e-02 1.781239794733405213e-02 -2.393173131896888031e-02
2.280024783023129609e-02 -2.953769227822081525e-02 -5.600841141771945031e-02
4.503183550934814622e-02 -2.493474095837847071e-02 -4.204732640698145840e-02
4.453103194886089827e-02 5.342137166289608746e-02 -2.638030611595807221e-02
2.097971088931987332e-02 -1.354044417372511112e-03 -5.133416030181234269e-02
7.066411341706299587e-02 2.916591763705973783e-02 -1.601186660763750241e-02
1.632512207241107460e-02 5.867794797875953983e-02 -4.183292228483879993e-02
-2.688885743183757823e-02 -1.452324098192229324e-02 -8.205853217079057960e-02
-1.189938368955335141e-02 -1.730286852244764667e-02 -7.384371805897943508e-02
3.053281590681143978e-02 2.629994768099688102e-02 -4.010499103076864413e-02
-2.669939457209359861e-03 -1.987440152620369854e-02 -6.896080542755921028e-02
5.697942136075854341e-02 -3.125105651341487933e-02 -1.265512845253965492e-02
4.715262548247289159e-02 -1.756162764886521482e-02 1.937613729481999642e-02
5.950087344566341169e-02 -1.949794309033099290e-02 -7.288867433792560989e-03
2.619790516265016120e-02 -6.426788710840418417e-02 2.013736390192848516e-02
3.152704484643224780e-02 -3.780032378657262326e-02 3.292706361035578622e-02
5.228224057868297026e-02 -4.925024937149226345e-02 -1.918517761208408598e-02
7.757756091879261517e-02 1.450775673733326748e-02 -1.353925450034593886e-02
1.842166091675627795e-02 -6.573603308195251349e-02 3.453783834153350413e-02
6.034137605910468855e-02 -4.512974598669183823e-02 -3.179668430054134048e-02
1.444150771616056761e-02 -6.975390867652332683e-02 3.900166300489444487e-02
5.401530955725736965e-02 -3.870253815796127761e-02 -1.329919040727073863e-02
5.575249828069234193e-02 -1.905749556109020276e-02 6.743219203843021621e-04
5.856876535425104002e-02 2.903034349470344846e-02 3.777989176993686721e-02
6.354253447129512566e-02 -3.738891063940929377e-02 -3.137392552998353318e-02
6.537184253591682426e-02 1.713179220957780982e-02 1.344987105239231831e-02
6.785090409995921112e-02 2.106437461603167735e-02 1.194215199241920738e-02
5.949799188976995223e-02 -3.188462557005959652e-02 -1.830613454185534353e-02
2.993127977017812080e-02 -1.360214005805797204e-02 5.768461372058190234e-02
3.355846221365368920e-02 1.333000238175083285e-02 7.432548064257300802e-02
3.909570142765918938e-02 -5.458603720854912633e-02 2.701516293155951497e-03
3.982667849892793099e-02 -2.401099645260861351e-02 2.843420794540753999e-02
7.865812023181505130e-02 3.240818442498508145e-02 2.080055768269616415e-04
1.751427563685627187e-02 -4.926112715210378967e-02 5.103189472573568808e-02
6.185914203600719613e-02 -1.612173296968519645e-02 -9.047724173487210753e-03
5.015236373691175920e-02 -4.822214077480341254e-02 -1.396817562416559008e-02
6.099674858907013636e-02 -1.728935542120896285e-02 -8.344886004500499943e-03
7.418794492782726513e-02 2.448852820960028404e-02 2.189360074544237974e-03
8.170034002112171179e-02 2.823248244625612899e-02 -9.652898891451051899e-03
4.120725019850265958e-02 -8.470228163445874241e-04 4.625958763871707013e-02
3.530358857010339885e-02 -4.323710237798197159e-02 2.046067033521430795e-02
4.643789941761515550e-02 1.667512397130551521e-02 5.128756998110690218e-02
6.493236932715647225e-02 2.131573196102304682e-02 1.806089794914645871e-02
2.929455288300634314e-02 -2.923378011438974161e-02 4.505989690585145147e-02
7.656388885624851315e-02 2.094391930279747294e-02 -5.764135259732001623e-03
2.499620194180217359e-02 -5.534251080412733864e-02 3.050746877267495119e-02
5.385869331431614865e-02 -5.212772627583881629e-02 -2.493011465964365889e-02
4.346614434768060475e-02 -5.961016398131200461e-02 -1.059725105832951333e-02
6.680210002924842627e-02 -1.188556379884273852e-02 -1.526202628704636383e-02
3.264547474970439650e-02 -3.875996235696634734e-02 2.981398492823567753e-02
3.023849820639961175e-02 -1.334821623938136845e-02 5.729004303579982027e-02
1.019841701020996957e-02 -6.245234772746253299e-02 5.406991703717986542e-02
4.898288051669850984e-02 -1.045581672923483023e-02 2.200282461095450295e-02
3.538387736075619683e-02 -2.331750153208403918e-03 5.670076065154517481e-02
6.051675275335353932e-02 -3.301844005749043909e-02 -2.137289643057709715e-02
3.467383047283237318e-02 -2.289230506169837032e-02 3.983782822172309696e-02
4.781266457482737098e-02 -4.004740795267774239e-02 -1.967475905041237479e-03
6.254206042254313591e-02 2.196813358827487753e-02 2.346959166918503176e-02
5.447868662963249037e-02 -4.082747295582070390e-03 1.657349981039456938e-02
4.558401559312528356e-02 -4.136557461291486687e-02 1.361048710456753442e-03
2.514422359697890061e-02 -3.704321145055256437e-03 7.616205444504643707e-02
8.668067890278269294e-03 -6.724117004183906288e-02 5.289938049942075754e-02
3.521901312919634153e-02 4.202703416668286153e-03 6.284886940980558001e-02
4.536872696051998805e-02 -1.240663620249898673e-02 2.756688081788390143e-02
6.207273955807245808e-02 -8.399339751576651849e-04 4.120330139508585413e-03
2.082096126495528929e-02 -6.955395456203905535e-02 2.629394128408270651e-02
7.196262701384267824e-02 1.836408756787362082e-02 1.233983798612843519e-03
2.471350029904277254e-02 -6.500907832640821782e-02 2.247607128005180491e-02
5.731430649845151160e-02 -1.396820067885568527e-02 2.048710059208795880e-03
6.244392930239837936e-02 -4.403904167760110816e-02 -3.507293400602461142e-02
1.646496321130522245e-02 -3.616441104584054711e-02 6.480632555507286063e-02
6.296119334492121522e-02 -1.907254809590721439e-02 -1.389969698123267976e-02
1.832129151856532953e-02 -3.415527562136965595e-02 6.284474319503280393e-02
2.936617931760132291e-02 3.754166858812688686e-03 7.427167087189194550e-02
5.601766339609692141e-02 -3.001994284951714498e-02 -9.616917040721213727e-03
4.169341323220742551e-02 5.120754147752456902e-03 5.058841257921609796e-02
4.240868295659578485e-02 -4.083996614159928623e-02 8.242552879410671232e-03
6.133113007067381162e-02 -2.970245721953470794e-02 -2.006689137481040483e-02
5.530994390105936631e-02 -1.600557675300577892e-03 1.710340494557039889e-02
4.510981547352881094e-02 -3.311571028117947513e-02 9.660544390029618053e-03
2.406706648779975699e-02 -3.678619966833118066e-02 4.889773019743636623e-02
4.664006911356549656e-02 6.174084499488091335e-03 4.153418702159131226e-02
4.662736306444923567e-02 -1.636448173148788432e-02 2.150245626893022149e-02
3.191922727291075790e-02 -5.985191337851857724e-02 1.251087850515801569e-02
2.346388607407678267e-02 -3.012062705705030943e-02 5.604786517879023489e-02
5.508669258682233338e-02 -4.764258871802743572e-02 -2.341912432787624648e-02
4.296741441362627451e-02 -6.823847212607089992e-03 3.738542331765171839e-02
6.672646967218696934e-02 -2.556437291840461118e-02 -2.728223245087301949e-02
3.606939714154176746e-02 -4.218651498389142801e-02 1.984876982587420458e-02
2.487296001122949254e-02 -1.115746913725979179e-02 7.007730754853241928e-02
4.577663782036932305e-02 7.514987199329644686e-03 4.447149423409969826e-02
5.990285076513272855e-02 -2.761311349243059099e-02 -1.532261640921735169e-02
2.155751414810968408e-02 -2.755031444250445605e-02 6.218584600892918673e-02
2.829527238161103075e-02 1.948788772097601475e-03 7.482813113937882010e-02
4.837675064172026335e-02 2.012662956019329111e-02 5.044288811899511754e-02
2.195986447829825425e-02 -5.498649614881670478e-02 3.695729684426116851e-02
1.636852003965245592e-02 -4.357150189476156205e-02 5.840945114918470737e-02
6.138089448521306252e-02 2.989367280948758074e-02 3.286804706898053402e-02
4.054275433040666760e-02 -6.194525382019522124e-03 4.284296289222048332e-02
7.152457344609772227e-02 3.424620872819693438e-03 -1.117605213624870211e-02
2.510063330420506111e-02 -4.063532941170130974e-02 4.338466398842744098e-02
4.811269857396587718e-02 -3.286863114921655810e-02 3.814991630452299522e-03
7.394287320286482834e-02 1.060981906727486747e-02 -9.666490549719315012e-03
3.056278834720380436e-02 -6.178153438805004949e-02 1.353351056563548670e-02
4.059839779001622045e-02 -9.834088671096041095e-03 3.949167047540869113e-02
3.826763252815128247e-02 -4.528216420970530842e-02 1.265375825698208771e-02
7.330579521319366409e-02 3.335709087517839400e-02 1.186344928144180029e-02
3.741434920708975459e-02 9.238214006510913137e-03 6.289575051646872916e-02
4.293059357097962769e-02 2.649517008817882033e-02 6.711087089520259563e-02
8.147380486384026010e-02 3.450940804371773613e-02 -3.609400768809519541e-03
4.225856911356844214e-02 -2.680625433377044342e-02 2.103456589557289175e-02
-4.759895906069484123e-02 -2.670430382597646299e-02 -6.211488405020731962e-02
-3.251690330550328911e-02 1.945935578841078567e-02 -5.149696193829926549e-02
-3.287209810201107557e-02 3.367419953397336047e-02 -3.812952023015564462e-02
-5.995432884936734846e-02 -9.364349693421597162e-03 -2.172757382210134883e-02
-6.189857040804230132e-02 3.611702619129723846e-02 2.267407312329028021e-02
-3.624805996128788177e-02 -2.395324414379472466e-02 -8.259401144881174661e-02
-5.529196221184748405e-02 -1.777604689739868682e-02 -3.863063680090865482e-02
-1.277781792690274414e-02 6.546329756103076714e-02 -5.042776722495036917e-02
-6.342376630516725899e-02 3.171509977643394845e-02 2.183743199163154514e-02
-3.872990275093227824e-02 5.220446121032785297e-02 -9.807171918039619962e-03
-5.862173493317891088e-02 3.919392482824732293e-02 1.879346952385829717e-02
-2.349759962440581273e-02 4.935476946053513059e-02 -4.311041851939817482e-02
-5.503915513712605984e-02 5.857380739209782500e-02 2.880356293330010517e-02
-2.845598897154815593e-02 6.779986677297383801e-02 -1.668056075682274389e-02
-5.656002352102464797e-02 5.778979144432666581e-02 3.117781151965523176e-02
-7.450265831731595068e-02 -4.419716295552917826e-03 1.205845403636659346e-02
-5.060831599277310772e-02 2.628400394074333849e-03 -2.993277896269279370e-02
-5.373693530999575085e-02 2.233030283705522007e-02 -6.080368889751355983e-03
-5.324198606751218144e-02 -2.614322012717727045e-02 -5.021738932309165182e-02
-5.304259572939951789e-02 7.914706142625736393e-03 -2.031149175588603875e-02
-5.275397438761222219e-02 1.663768677389972084e-02 -1.313176287288713925e-02
-6.753571781391611017e-02 -1.488881404387100774e-02 -1.133045788105998229e-02
-4.574988857566261030e-02 -9.994860278820540817e-03 -5.097979023675305171e-02
-4.019667248285992839e-02 3.339702991350426697e-02 -2.358149294165928084e-02
-2.053090944867422621e-02 6.974418584884570227e-02 -3.095790972098756005e-02
-6.018948574327699641e-02 1.378384293941502595e-02 -6.526769341252826968e-04
-4.263703379267757415e-02 -2.507125132171142325e-03 -5.060390717783220388e-02
-5.620404783239667246e-02 1.548198287826596086e-03 -1.959141822339276542e-02
-2.726834117135434540e-02 2.798388851461744084e-02 -5.451226793325656544e-02
-1.668248468271225568e-02 6.695078915387817076e-02 -4.121710962957799568e-02
-5.483323241523460623e-02 4.127305793084521529e-02 1.299143931362120412e-02
-2.490754872831492384e-02 3.096950662661319964e-02 -5.662381599071034805e-02
-7.500084680918028823e-02 -7.809033505246391546e-03 1.004852749413610337e-02
-5.344900748422614506e-02 -2.714553030108988324e-02 -5.069120336045539188e-02
-3.782005375482102444e-02 1.191529971773182955e-02 -4.749885434567568954e-02
-3.970103241213199241e-02 4.887217853423646285e-02 -1.081106315349483239e-02
-2.325739468736602242e-02 7.179850132563997400e-02 -2.362260030673454456e-02
-6.114229852868210968e-02 -2.204888228031132939e-03 -1.295672201005773627e-02
-1.943538607873166596e-02 6.430025320132866373e-02 -3.801535820095117146e-02
-5.968440841283054188e-02 5.356323947998047758e-02 3.372739174796310357e-02
-7.468041525255236790e-02 -1.961073177650906815e-02 -1.101204026809016970e-03
-3.887580565554877438e-02 -5.176738071080026586e-03 -6.057682432298206604e-02
-2.761761849760399623e-02 9.322836061041006595e-03 -7.041351316026898954e-02
-7.109836797375577999e-02 7.084252801194118945e-03 1.541977983495507361e-02
-1.874085743638522969e-02 4.011095228450503591e-02 -6.094462336640483341e-02
-6.865768233333841009e-02 -3.219432912415760850e-02 -2.446466353017599099e-02
-3.593044429924292099e-02 2.500365315135841954e-02 -3.966810430648789326e-02
-2.773698007904628476e-02 1.458831727719785100e-03 -7.717070927169207561e-02
-6.869940410720823398e-02 2.427417797142082667e-02 2.587174829784117183e-02
-4.539523400657111130e-02 -1.512775084965741097e-02 -5.626397957584159532e-02
-8.290785120905243277e-02 -3.343973677094734531e-02 3.210511990045540002e-03
-3.669610798663911627e-02 1.730315054122733703e-02 -4.497435195112890055e-02
-2.436413983895572774e-02 4.334557979105310016e-02 -4.670778495059194069e-02
-4.140024691717254096e-02 4.307440861550246303e-02 -1.253839067896085971e-02
-7.019763024457943701e-02 -2.938971942939583304e-02 -1.885830704597344851e-02
-3.175040728636648046e-02 4.884752494172244636e-02 -2.689222809159726862e-02
-8.421257388727043658e-02 -3.549333017565189236e-02 4.018359155220434589e-03
-3.145511047768428936e-02 -1.084010337708195271e-02 -8.060557083081353047e-02
-4.678076358634575965e-02 -1.690458123527463496e-02 -5.504661760897214956e-02
-5.218612757596759189e-02 -1.456898654653406705e-02 -4.205000823050599607e-02
-2.054423617118129528e-02 5.774514668703907561e-02 -4.160910957318376263e-02
-1.641567762276400361e-02 6.921122202000033752e-02 -3.974443325252463577e-02
-3.045357720162793561e-02 1.177643586501011565e-02 -6.250175274591585062e-02
-2.546499917628367027e-02 2.246147333266509255e-02 -6.306926041913608894e-02
-2.298309366954912406e-02 6.971409783082031797e-02 -2.603159331910106025e-02
-5.851778138631570647e-02 -8.544288947619358560e-03 -2.389942836472014331e-02
-6.619036230462491122e-02 -9.973626210928643668e-03 -9.673803889525390762e-03
-5.879992016571315705e-02 -5.151141981945928788e-03 -2.030993439713306772e-02
-5.200302408112200681e-02 6.107582657737179593e-02 2.489755733327481471e-02
-5.465661344124327081e-02 3.176504249029193233e-02 4.173371893058414051e-03
-6.206475706804711473e-02 5.023957245600773475e-02 3.557760619758813803e-02
-3.467347688978996562e-02 5.653989357434586333e-02 -1.414245905220542707e-02
-4.282960412916064080e-02 3.025214647532735099e-02 -2.106199171447121696e-02
-7.555808432035102107e-02 -1.933633171094523151e-02 9.157655490702750574e-04
-2.412005444031165013e-02 3.231775380612280507e-02 -5.701462707975299415e-02
-5.206835115528209157e-02 3.245717656833548015e-02 -4.386401027874634517e-04
-7.689636880029487864e-02 -5.268606846547348177e-03 1.613799692822692408e-02
-8.299607004562103985e-02 -2.837756542796060835e-02 7.893601852854649839e-03
-6.456414368872258336e-02 2.198704582802577315e-02 1.548370992738529184e-02
-4.259691503384019362e-02 1.052316701720242866e-02 -3.908909682885768067e-02
-7.276838216737324672e-02 -1.859708489649238364e-02 -4.061202390166815390e-03
-3.910312912757672038e-02 3.371286898436003099e-02 -2.550923808633375270e-02
-3.694676139583973062e-02 -2.429204609668114950e-03 -6.202817235099037513e-02
-3.176742370450679614e-02 3.646676472620910547e-02 -3.787567431386736766e-02
-2.167310519939302793e-02 5.457210633184304827e-02 -4.215267583004260465e-02
-5.508073769294723199e-02 -2.807614197035768547e-02 -4.822348600118880890e-02
-4.526450997042662239e-02 3.344655392247494058e-02 -1.330105034189789197e-02
-3.795269044795926416e-02 2.195946834864128880e-02 -3.829249493295997647e-02
-5.860108534573493788e-02 1.669339547444145073e-03 -1.464190985877604316e-02
-6.684043507649695126e-02 2.110525075904189085e-02 1.929679936250455752e-02
-3.732132934343466296e-02 4.449095542387807023e-02 -1.951666651247996320e-02
-2.555266108451639470e-02 2.568872753688370217e-02 -6.002021471801392838e-02
-4.929714678871222056e-02 -2.740194001716533476e-02 -5.930560293367864028e-02
-6.209603731146998151e-02 4.723179570427129409e-02 3.296412427510750365e-02
-5.714132572572578478e-02 3.697312698851877577e-02 1.382691604668295771e-02
-6.496351902248423404e-02 2.382290721075642700e-02 1.792415552622819014e-02
-3.489181801424236229e-02 6.188042200417154942e-02 -8.948825158136235539e-03
-7.646622174601379329e-02 -5.910439750181980742e-03 1.469797964208798512e-02
-5.833215956641266825e-02 -2.674117934764492360e-02 -4.046803556373006205e-02
-3.616943840925711251e-02 -1.968804332628327700e-02 -7.895715297218763862e-02
1.158872519326400834e-02 -4.573284934805458418e-02 -5.857973840192871873e-02
2.159471353706548039e-02 -7.041936241817167708e-02 1.758090083392832917e-02
-4.407017966827892624e-02 -3.944013010098777056e-02 -2.451514681385285124e-02
-7.378928506446163528e-03 -5.711649873591250620e-02 2.860770899153319401e-04
2.862836152445165719e-02 -5.543338908822535716e-02 -4.185160915729611852e-02
-2.040401970067892354e-02 -4.200583948047380278e-02 -3.938350528212230389e-02
5.138554739236322368e-03 -5.778072671709851005e-02 -9.998295804738223033e-03
4.119801298322232908e-02 -5.931871559595357224e-02 -4.093638818018009717e-02
5.165096927500553714e-02 -6.208730359636293467e-02 -4.179077990780528939e-02
-4.278561488102880506e-02 -5.136216837798460860e-02 1.583808463681963749e-02
-2.869251197298866921e-02 -4.196185465767097306e-02 -3.119091771028038168e-02
-1.951607324893616865e-02 -5.042472962119240454e-02 -1.086828963331274225e-02
-1.893259411909964732e-02 -4.760584836697739908e-02 -2.130291100546424787e-02
6.410896706124718722e-03 -6.582577078798532155e-02 1.682390579486861548e-02
5.563338684890449526e-02 -6.320716419787367202e-02 -4.188898174615138248e-02
-3.376256498394591271e-02 -4.926025626722199680e-02 -5.903480533320022055e-04
2.351217395252385572e-02 -6.783518578480501882e-02 6.622887982122360045e-03
1.680923338684291862e-02 -5.779156634013947469e-02 -2.171241801727259030e-02
-5.760841963466946380e-02 -3.714174364413605489e-02 -1.891144144680375824e-02
-2.834596767338920173e-02 -4.527495317880383952e-02 -1.996637119036774252e-02
-5.621786729875527522e-02 -3.986983298727085623e-02 -1.078176403423699442e-02
-3.417137833748264131e-02 -4.464416777576295930e-02 -1.630387075587028112e-02
3.327113865850979402e-02 -6.838388972361590656e-02 -1.287303073321596682e-03
-4.078281672611277359e-02 -5.331739894521753120e-02 2.065145627395069405e-02
-5.937921989168505436e-03 -5.724560843633774709e-02 -7.139554753402923594e-04
6.169139620726037110e-03 -6.681747402055521201e-02 2.053162162479913247e-02
-1.033702103985402812e-02 -6.696886941301277707e-02 3.768164309387053018e-02
1.717363673293796980e-02 -6.931040228847665241e-02 1.815889617536506004e-02
4.226016812544627216e-02 -6.668235496969968090e-02 -1.628285723988752084e-02
6.218692693371841119e-05 -6.206978432136255747e-02 1.009622011047546682e-02
-1.817220919041837024e-02 -6.270754107851692072e-02 3.068550291108991870e-02
-7.862720862866107163e-02 -3.728204621916193090e-02 2.743897594460091745e-03
-2.355961843456833710e-02 -6.168300419930714679e-02 3.253147521786602797e-02
1.922857216332406888e-02 -4.731876402407096671e-02 -6.073280406254290276e-02
-2.037622620042782527e-03 -6.798955695750558137e-02 3.288994718206512957e-02
-5.921747897822626089e-02 -4.493543053624412392e-02 9.934180803834048723e-03
-8.001827237003036886e-02 -3.596830441876486956e-02 -4.445851483144919809e-04
-9.642295479490350582e-03 -4.884063965706687133e-02 -2.634449125418429280e-02
-1.498937617039479246e-02 -6.217457196978063566e-02 2.561869705641602740e-02
-3.993568822483198333e-02 -4.841486223869186090e-02 2.672604336933957162e-03
-6.224635496661910100e-02 -3.390748647585969250e-02 -2.553928586147550389e-02
2.847044565829140797e-02 -6.837486532858375043e-02 3.515311632189945489e-03
-2.320405263138888147e-02 -6.288925969309794306e-02 3.638719286020190152e-02
4.777634241112098390e-03 -6.563267919113618953e-02 1.779402852868910978e-02
-1.474930219820702430e-02 -3.307785331413812951e-02 -7.626537070994750256e-02
1.077071768013014921e-02 -7.160541604764875112e-02 3.262349739220833655e-02
-3.152485751342353620e-02 -2.823777605027455104e-02 -7.628057539409664745e-02
3.471075505830599484e-02 -6.570236470788042016e-02 -1.210420572430422406e-02
-3.397775747657534595e-02 -2.709722732236690898e-02 -7.779481620108093243e-02
-5.528249159389377748e-02 -4.518301406156694650e-02 6.836651444458532491e-03
3.710897808333090461e-03 -4.333733325766065542e-02 -5.901518027585968273e-02
-4.742969196707907259e-02 -3.242881736964350892e-02 -4.562454742979245303e-02
-3.442009466600676887e-02 -3.121484567822620584e-02 -6.296549740108464688e-02
-6.768259827164413781e-03 -6.366820814195683909e-02 2.255795979630762643e-02
2.112853242116284266e-02 -4.918760543675641805e-02 -5.611765759473062026e-02
-2.116997402978794754e-02 -4.485333938840056767e-02 -2.866516509579945804e-02
8.507514541552876203e-03 -6.278233557212772875e-02 4.081179002047559054e-03
-3.435556721254130058e-02 -4.349989585937989733e-02 -2.011563472609516692e-02
-3.320174561404089231e-02 -3.105033602290976566e-02 -6.476700917640530741e-02
-1.182389357414064673e-02 -4.181375418171024566e-02 -4.869441215563286712e-02
3.436312251248763855e-02 -5.383869304652940529e-02 -5.319700738734889356e-02
-1.914309444847296302e-02 -5.574860221139309874e-02 7.353789161382556956e-03
4.000112535577620559e-02 -6.495406952461789396e-02 -2.004542133993229142e-02
-2.643283087461737596e-02 -4.604919947945983888e-02 -1.918819529257641265e-02
-2.027961679023974895e-02 -3.940361078769448466e-02 -4.859902895435438963e-02
7.663810249494774733e-03 -4.933302333071958035e-02 -4.205114513556214295e-02
-3.998809544287677820e-02 -4.182558153524638944e-02 -2.029267542039891667e-02
2.261395856702154081e-02 -5.562248416314232585e-02 -3.513474636549693969e-02
2.745920705463891429e-02 -6.875814566045856946e-02 5.872492264440358489e-03
-2.903464817030631737e-02 -6.034503712597395764e-02 3.337078619028920057e-02
2.008097994242583756e-02 -7.014654563535192844e-02 1.815216136656253726e-02
-4.493885109940649186e-02 -2.870247776862606612e-02 -6.114980443430321350e-02
-2.795593948680492186e-02 -3.485731846010779039e-02 -5.675059391389727231e-02
3.484153466047306552e-02 -5.461221714911873581e-02 -5.097663399253313937e-02
3.586783996346214892e-02 -6.794770885313054787e-02 -5.425787448769693773e-03
-6.753880317746471795e-02 -4.049099746471500338e-02 2.787931623934334757e-03
-2.402479989684513928e-02 -4.731330529896004417e-02 -1.719715620305939732e-02
-3.811684902058064955e-02 -3.652684506333285508e-02 -4.068680794053714661e-02
-1.123848409932547490e-02 -6.131655524484183606e-02 1.884439958832103204e-02
-1.257005569928040453e-02 -3.443160738070800975e-02 -7.373078882689379498e-02
7.712317290315880494e-03 -6.336319764149965506e-02 6.911016952467636740e-03
-4.332477493287852782e-02 -4.759994627936111472e-02 3.238591656012219672e-03
2.911650565772392132e-02 -6.245409521045608425e-02 -1.781802213743747393e-02
1.432550976115992876e-04 -5.157166886098488168e-02 -2.665803001327044647e-02
-2.478055910109757190e-02 -3.149484159732669070e-02 -7.169409347514846265e-02
-4.204392950763368580e-02 -2.662412358489752578e-02 -7.132512049432701562e-02
-7.400396322069559274e-02 -3.603609387035390521e-02 -6.263989763137114454e-03
-5.016463198886138286e-02 -4.636732637941167606e-02 5.820243415835410494e-03
-5.684150117996009804e-02 -3.400050636867613801e-02 -3.065685264240742419e-02
-4.161721578859806092e-02 -5.363576927722939897e-02 2.260381800821452750e-02
-3.082999683522582440e-02 -2.878065593349007564e-02 -7.508385809199452643e-02
-6.755076651462043648e-03 -5.437037281458727278e-02 -9.935045193935043359e-03
-1.681176078859153520e-03 -6.614621552241595204e-02 2.609175159812815101e-02
-6.230924616638296512e-03 -4.592486057587358284e-02 -3.996519519836758128e-02
4.286543831925117634e-03 -7.302152098242832567e-02 4.409966494654438823e-02
1.105582337471084677e-02 -6.001301638365448554e-02 -8.158827922393111984e-03
-2.320173245525556857e-02 -5.432691369960814670e-02 6.474379944214766862e-03
-2.512218679914487995e-02 -3.986442684867803898e-02 -4.211297194068541749e-02
5.592096729604813590e-03 -7.044594845767479518e-02 3.378787911210361095e-02
-4.093084318718906173e-04 -4.827056610338127662e-02 -3.763321768846802223e-02
-8.226028558102281216e-03 -1.474637132331808355e-02 5.589343303371632765e-02
1.233079165987398295e-03 2.550900182942777636e-02 6.963431938810142607e-02
-3.525160639583558436e-02 1.719656089966930396e-02 4.656802572937722429e-02
-2.561183256474573386e-02 9.225662018035620665e-03 5.059151434654717699e-02
-2.658341063453562719e-02 4.691237653226568854e-02 5.769877935401983293e-02
2.116321868082354785e-02 8.904720765234205512e-03 7.792747889299889152e-02
-1.807182707094143193e-02 -2.159739501327747474e-02 4.873016794177827821e-02
-2.328337881504879969e-02 -2.656274933343335046e-02 4.466578830931811767e-02
-4.811632356607259409e-02 -2.879225343456185207e-02 2.966424851268796223e-02
-5.126182767617016439e-02 5.837274024460184507e-02 4.557625973138283715e-02
-2.109838142472277717e-02 1.055675144843919167e-02 5.350667373354010825e-02
-2.651046063250039105e-03 -3.855089623237524521e-02 5.431056302181066359e-02
-5.188014687468316122e-02 5.278844182559156578e-02 4.407657298387093747e-02
-3.237970122706710502e-02 3.927980016277169556e-02 5.274856548279037438e-02
6.616740495258120400e-03 1.909327080957527040e-02 7.148130362888742428e-02
-5.910132610980914358e-02 2.154151069348916175e-02 3.348162378976599074e-02
-2.267798986760977478e-02 2.259178794037710464e-02 5.503274452473910089e-02
-7.859044245237141457e-02 -2.625418495063368968e-02 1.232915642230866457e-02
-5.831199592478478883e-02 -4.179067247931132767e-02 2.104385739871096270e-02
3.314916467478102886e-03 -6.787786090254462057e-02 5.183186482785648308e-02
1.024386247505894212e-04 -1.787920586941933038e-02 6.013421164618721476e-02
-5.826179300329587668e-02 -3.724494170552024308e-02 2.199918903715145438e-02
5.620718990218981706e-03 -2.226239327681069427e-02 6.247406703650113663e-02
2.352075315307157466e-03 -1.955067114334971962e-02 6.111161184112101630e-02
-5.516596012241520297e-02 -3.591129278125831242e-02 2.408441346880002207e-02
-1.937677750997095216e-02 1.104078983409388127e-02 5.461380218475155035e-02
-2.499507782662845415e-02 2.565555439876650995e-02 5.429942917572413291e-02
2.658666529796178350e-03 -2.851167604252832777e-02 5.946594467853788535e-02
-3.270354558809007717e-02 3.326675438123443546e-02 5.133405355103919793e-02
-2.772244180298436347e-02 -4.843708648746012507e-02 3.760974172117414333e-02
-1.225671877403765667e-02 -2.471741213913400056e-02 5.150120418297424868e-02
-3.872789522023928604e-03 -2.172930872551559478e-02 5.702125005442389843e-02
1.185145686879463846e-02 -1.395130841905941471e-02 6.781699062500737285e-02
-1.417367367789486125e-02 5.145552285841656186e-03 5.646103344688326725e-02
-7.265795333556895885e-02 -3.331294075075634520e-02 1.436667194591238067e-02
-8.710781061327615635e-03 -5.120361656386386573e-02 4.818346485165126564e-02
1.915710467502639361e-02 -1.392467377865257670e-02 7.210214433447699467e-02
-6.182634939007658481e-02 -4.546778575157538888e-02 1.823611757867264760e-02
-6.094138754426618731e-02 -1.613652211001417522e-02 2.472903795369403926e-02
-3.869087156550027329e-02 8.301031084909413216e-03 4.274133153094818172e-02
-5.948824955577219215e-02 -4.138419646073387276e-02 2.043759044833140179e-02
6.546260590369195297e-03 2.041269679642041673e-02 7.170877028029155886e-02
-4.558780546726787231e-02 5.329516122264232186e-02 4.786590941729303855e-02
2.623630592614356084e-03 -1.449799199555625376e-02 6.229987468611881962e-02
1.327910340928547400e-03 -1.194909569901633252e-02 6.206001355904749300e-02
-5.372560248077027853e-03 -5.887936060386281777e-03 5.936940520879043642e-02
-6.212594461887610553e-02 -3.297934350451641600e-02 2.060438857683802652e-02
-6.053919551259386717e-02 3.483531554880307107e-02 3.534712603203782333e-02
-1.919965423303493512e-02 -3.232371560751701872e-02 4.588462473315187140e-02
-5.570996295073421534e-02 1.918214516772828379e-02 3.498774109976054286e-02
-3.250005720926278565e-03 -5.093872726558574529e-04 6.170838023685148305e-02
-3.874593945234380832e-02 9.636782128074734832e-03 4.298115197033307300e-02
-4.250832089007246239e-02 -2.436429589258476761e-02 3.385141081887867165e-02
-1.504903701006861643e-03 2.181041019907957457e-02 6.727701102855573878e-02
-4.579392310385366205e-02 -4.410862188959009667e-02 2.790493724107839801e-02
-2.034058909500977702e-02 -3.715520425998502380e-02 4.423212421192758426e-02
-4.658461452972561395e-02 7.510282189789556535e-03 3.795602241609608712e-02
-1.169806650019133802e-02 -4.560759588325920960e-02 4.757333663255045725e-02
-5.794940608829495660e-02 9.786418649456122415e-03 3.176203046510953087e-02
-5.527330860156115522e-02 5.415071593869397182e-02 4.236630399531756547e-02
2.788459939664368614e-02 1.666913155068323188e-02 8.344647410808039845e-02
1.072653290952016968e-02 -3.618703284715094060e-02 6.262879181363398273e-02
-1.579101036769312548e-05 -9.163856753913492137e-03 6.184018533290139980e-02
-4.412256763996014880e-02 -3.454050694345178057e-02 3.083296978230463600e-02
-6.445337939335157862e-02 -1.786490558164050696e-02 2.231961936022498413e-02
-6.184670482992103702e-02 -7.641346367527929347e-03 2.592907984913037089e-02
2.055569498866858993e-03 -5.704554676114581557e-02 5.330056516938960071e-02
-4.831704998903829651e-02 -4.408528363244217790e-02 2.643161566351505398e-02
-7.378890925892653274e-02 -2.020382371804887653e-02 1.637434830863246024e-02
-2.035555219607497121e-02 6.550007830613876342e-03 5.312569558121713748e-02
-2.133114589748272977e-02 -5.236896911632219626e-02 4.055294567513913900e-02
-4.463080705325237624e-02 -4.782646391917870499e-02 2.782901422313972112e-02
-4.534578061159647011e-02 -3.377599768859237267e-02 3.027212150825050671e-02
-2.023040784854351209e-02 -2.207675134512365051e-02 4.736800734908327287e-02
-1.623742251289513744e-02 2.944621051685071891e-02 6.020188023590618970e-02
-8.979103267051331133e-03 1.934425949145988921e-02 6.239621158182789146e-02
-6.333173786564313956e-02 2.593713349257159226e-02 3.189874890515752293e-02
2.808035247921762938e-03 2.143205293016457735e-02 6.972651010916375292e-02
-5.198347769665226381e-04 -4.406782208144467694e-02 5.443530449435143859e-02
-4.827279647060633144e-02 5.753816451942796867e-02 4.715727178857538615e-02
9.382446355966994611e-03 -2.798635870262060690e-02 6.351181068662517526e-02
-5.802480460119469746e-02 -1.581442259071342421e-02 2.650321279522000611e-02
-3.423613200604667950e-02 3.379149209344434190e-02 5.054313173662940833e-02
-4.856828464067154683e-02 -2.084277592953510949e-02 3.101871788906426786e-02
-8.567661081826438707e-03 1.181002470665544479e-02 6.110258679759152795e-02
-3.877192599742333018e-02 2.624217004485483035e-02 4.634828869257106437e-02
-2.613826787987421144e-02 -5.684867428691564584e-02 3.682440754853778114e-02
-3.913741076207453637e-03 6.045253629302535861e-03 6.265467494222926037e-02
-7.349514377627774930e-02 -2.295303546288375574e-02 1.598645100429248872e-02
4.314433698294118172e-03 -1.196264141352067385e-02 6.380679251247628470e-02
-1.605937125504374244e-02 -4.733717702305489938e-02 4.466613728477176332e-02
-1.749116643310065847e-02 1.382232783718120861e-02 5.628498669511539793e-02
1.152115319586117549e-02 8.084525708457199547e-04 7.062991835224981252e-02
-6.147049332120736037e-02 -3.688791276869582674e-03 2.695456663084173921e-02
-2.928279860039971309e-03 -5.079063505798833353e-03 6.096605108914833482e-02
-1.990246569340032440e-02 -5.930182999355846502e-02 3.997772421932086623e-02
1.088724437189723254e-02 -4.929881789545352555e-02 6.005219217147292343e-02
-4.488550636181599593e-03 -1.593572222984055396e-03 6.076198887780074470e-02
-4.854380152015864980e-02 -5.147103031720123151e-02 2.479437562840043630e-02
-3.330361628182244849e-02 3.357418034307222549e-02 5.104514531832137630e-02
